$ANSIBLE_VAULT;1.1;AES256
36656231313735353437373837346663646236323936643964663533383739616534666539343764
6238636631333263306232376361353530636335613536330a333862326165643363343939366163
62383335376633623132343235623963393336316331306437616665663134333831363033623637
6462623165343563630a616365373366363238386563336463663738396635383239626365643861
30303036323565383234643563343737643664386639383531646363383832326261363862633433
64663032643064633337613265303338346365653761616339633935613862643338353965646235
63666533303438383034346366343339356537303264363165373538343038623333643735353430
66626337316164346538623535313636643432303463616363386431366135633561613832323934
38373261383066663636636634663365663162343332353164613337656562656335646430643231
31376137633963356164626463373261313232366531663164353336363365616534643662316439
34326332363166666361363936613630666634336136313031326162363536353139396635393837
61366134326166333233633063363038623236363538393835666366643633613762386663666466
35313932343961663861353762653365653461306436393862613863663733346135383166323862
63353761626165363539613864613239623364346161316264623234363236306230363934386664
66633335373732346537663233323463303033316362396665336530356264393163313633326163
65633164636237616238303830643730646263326433303834636163356239383162323732333435
35353465393466393239653064653238346436373938636535643964366439613530656262656465
63663830633735363364633966363666386263616233303838663838313362653732323839373966
35633564656531356331313134613461316266636134326165326238343061376666346330393564
37636239336533643537653364613930643935663463333231663436386461313038313833613038
61373961333963373365646462613366373866393065623830313038336632333964313431626563
38373633633632393639323365383766386266643865393336623336343266353566396132383234
36373066656233643862393432383565333934643537333261643638626163633032393361346666
31326233323131353533326638363834663538373434333634626239623537303465333435663065
3665
